6
6
15
15
15
15
19
19
19
19
19
29
29
29
29
29
29
29
39
39
39
39
52
52
52
52
52
52
52
52
52
52
52
52
55
55
55
55
55
60
60
60
60
60
63
63
63
63
73
73
73
73
87
87
87
87
87
87
87
91
91
91
91
91
91
91
93
93
93
93
100
100
104
104
104
104
104
104
104
104
104
104
109
109
109
109
109
109
109
117
117
117
131
131
131
131
131
132
132
132
132
132
132
144
144
144
144
144
144
144
149
149
149
149
149
149
149
149
149
153
153
153
153
153
153
155
155
163
163
163
163
163
163
163
169
169
169
169
169
169
174
174
174
174
174
174
179
179
179
179
179
179
179
179
179
179
179
179
179
179
179
184
184
184
184
184
184
184
187
187
187
187
187
187
187
187
187
187
187
187
187
187
187
187
187
187
187
187
188
188
188
188
188
188
188
188
191
191
191
191
191
191
191
202
202
202
202
202
203
203
203
203
203
203
203
203
204
208
208
208
208
208
209
209
215
215
215
215
215
220
220
220
220
220
220
220
220
231
231
231
231
231
232
232
232
233
233
233
233
233
233
233
233
233
234
234
234
234
234
234
240
240
243
243
243
243
245
245
245
245
245
245
245
245
249
249
249
249
262
262
262
262
264
264
264
264
264
264
264
272
272
272
272
272
272
277
277
277
277
308
308
314
314
314
314
320
320
320
320
320
320
320
322
322
322
322
322
327
327
327
327
327
328
328
328
328
328
330
330
330
336
336
340
340
340
340
340
340
342
342
342
354
354
354
354
359
359
360
360
360
360
360
360
360
366
366
366
374
374
374
374
374
374
374
374
374
374
376
376
376
379
379
379
381
381
381
381
381
381
381
381
387
387
387
387
393
393
399
399
399
399
399
403
403
403
403
403
406
406
406
406
406
406
416
416
416
435
435
435
435
439
439
439
439
439
439
439
439
450
450
450
450
450
450
461
461
469
469
472
472
472
472
478
478
478
478
478
480
480
480
480
480
486
486
486
486
486
498
498
498
498
498
498
498
498
498
498
498
498
498
498
498
498
510
510
510
510
516
516
516
516
516
516
516
516
519
519
519
519
519
519
519
519
519
519
522
522
522
522
525
525
525
525
525
525
525
529
529
529
529
529
529
529
529
530
530
530
530
530
530
530
538
538
538
538
538
544
544
544
544
544
544
551
551
551
551
551
551
551
561
561
561
561
561
562
562
562
565
565
565
565
565
569
569
569
569
569
574
574
580
580
580
581
581
581
581
583
583
583
583
583
583
583
588
588
588
588
588
588
588
601
601
601
601
601
601
610
610
610
610
610
614
614
614
614
614
614
614
614
614
614
621
621
621
621
621
621
621
624
624
624
624
624
624
624
624
624
624
624
624
624
624
624
645
645
645
645
645
645
645
645
645
645
646
646
646
646
646
647
647
647
647
651
651
651
651
651
651
652
652
652
652
652
652
656
656
656
656
656
656
659
659
659
659
659
659
659
663
663
663
663
663
667
667
667
667
668
668
670
670
670
670
677
677
677
680
680
680
680
680
680
680
680
680
680
690
690
690
690
690
690
702
702
702
718
718
718
724
724
724
724
724
724
724
728
728
728
728
728
728
734
734
734
734
738
738
738
738
738
740
740
740
740
740
740
743
743
743
743
743
746
746
746
746
760
760
760
762
762
762
769
769
769
769
775
775
775
775
778
778
778
778
778
778
778
778
778
778
778
778
779
779
779
779
781
781
781
781
781
783
783
783
783
783
783
783
783
783
785
785
785
785
785
785
787
787
787
787
787
788
788
788
788
788
788
788
793
793
793
793
793
793
799
799
799
799
803
803
814
814
814
814
816
816
816
816
816
816
816
832
832
837
837
837
837
837
837
837
839
839
839
839
839
839
839
839
839
839
839
839
839
844
844
844
844
844
844
844
852
852
852
852
852
852
852
852
852
852
852
852
857
857
857
857
857
865
865
865
865
865
865
865
865
872
872
872
872
872
879
879
879
879
879
879
879
879
879
879
879
882
882
882
882
882
882
885
885
885
885
887
887
887
887
887
890
890
890
890
890
891
891
891
891
891
894
894
894
894
894
894
894
896
896
896
896
896
896
896
896
896
896
896
896
896
896
906
906
906
906
909
909
909
929
929
929
933
933
933
933
933
934
934
934
941
941
941
941
941
941
941
941
947
947
947
947
947
947
948
948
948
948
948
955
955
955
955
955
963
963
963
963
963
963
963
965
965
965
967
967
990
990
990
990
990
993
993
993
994
994
994
