32
99
93
0
97
36
70
24
24
85
65
44
54
39
74
27
79
75
12
38
85
23
97
35
48
66
31
0
28
46
89
9
35
50
36
61
86
92
52
47
1
3
39
27
53
82
75
17
42
1
93
20
93
12
60
36
15
93
20
88
26
44
85
97
40
10
95
45
34
18
55
71
83
0
1
3
69
23
23
48
47
28
14
5
51
37
32
77
26
26
10
46
6
95
95
31
39
65
4
36
82
82
93
30
81
27
24
76
79
92
17
42
59
95
74
76
98
16
55
89
14
89
88
96
24
92
94
6
98
45
32
54
61
14
67
17
20
12
16
54
50
48
40
73
9
58
40
22
60
61
55
21
86
83
44
99
23
57
44
44
86
58
47
54
28
8
30
40
92
96
45
48
7
12
26
34
42
78
14
3
54
42
38
45
27
54
1
83
76
74
16
11
54
91
82
66
94
48
77
31
68
62
84
8
30
63
58
41
42
66
27
79
55
97
62
16
25
93
75
16
38
21
66
67
51
40
35
48
32
84
55
38
89
43
67
16
90
77
96
94
64
6
79
45
28
86
97
44
75
1
86
65
98
40
66
22
76
81
4
37
66
58
62
96
38
9
64
61
52
27
56
45
8
98
98
7
96
31
65
91
49
92
86
72
27
30
36
7
59
3
83
65
15
73
77
62
8
50
5
67
67
75
98
1
44
51
48
99
40
86
1
74
24
25
55
43
90
88
12
69
44
37
38
39
56
98
59
80
62
62
60
25
80
52
66
23
85
88
57
94
95
30
93
93
20
37
13
59
79
72
14
13
48
27
28
69
52
92
86
10
73
87
92
37
90
43
20
55
18
6
86
4
90
72
73
40
60
74
5
0
5
36
74
95
27
61
44
65
27
43
49
68
21
11
65
65
26
34
68
33
69
15
93
8
45
15
25
87
13
30
77
85
5
92
44
91
44
72
16
8
31
68
24
89
57
69
74
14
99
68
3
73
6
41
71
56
67
87
81
97
50
9
42
68
74
83
21
96
72
71
67
18
66
13
67
27
10
2
17
56
86
85
95
82
38
48
77
34
89
16
89
51
20
93
13
75
97
45
87
60
22
83
85
14
92
85
50
92
47
97
53
2
15
86
1
86
13
82
33
99
70
55
45
17
79
44
64
31
81
10
3
49
79
39
62
22
66
49
62
9
45
90
42
30
41
66
26
95
86
65
97
75
23
55
97
83
54
34
73
4
27
39
18
88
71
19
18
68
60
3
5
93
83
89
76
90
41
17
88
10
90
1
19
26
87
57
6
89
81
9
14
57
59
19
90
17
65
47
41
49
77
38
32
46
54
51
79
99
18
24
25
79
60
0
57
15
23
31
46
62
38
35
29
96
24
66
97
64
33
60
83
33
74
6
12
54
53
11
8
13
65
66
88
9
41
88
26
80
18
47
46
83
74
84
89
27
26
25
66
76
92
1
29
24
98
20
95
58
85
14
85
24
65
19
8
89
52
0
13
91
17
65
15
20
16
6
65
27
95
67
36
22
98
99
29
26
22
23
15
50
62
14
31
27
59
20
3
0
54
17
0
89
52
39
7
57
94
31
63
76
48
60
33
22
46
52
0
50
9
51
50
78
3
49
67
19
11
32
72
36
11
98
70
54
14
55
64
2
48
98
18
22
32
32
28
84
73
78
59
9
12
37
2
74
33
99
11
69
76
47
59
81
30
79
71
97
88
93
73
14
91
96
66
52
77
40
77
68
59
37
16
19
43
4
82
57
87
86
49
46
35
21
96
41
28
41
83
72
77
23
73
7
43
52
7
56
75
3
16
85
18
95
21
32
1
8
17
0
38
48
63
25
55
3
95
2
92
78
18
97
46
83
50
11
99
42
9
92
43
34
65
5
45
38
84
4
46
65
53
63
1
33
3
17
33
68
80
78
51
28
56
97
83
68
71
79
27
86
37
21
53
72
92
78
38
94
51
58
28
20
17
58
65
31
52
1
16
57
31
63
40
7
6
0
63
3
56
51
37
17
21
75
0
21
49
13
38
29
97
59
52
77
17
81
94
80
21
62
17
0
4
6
72
74
78
33
90
75
37
50
10
74
90
89
4
77
69
34
92
65
66
3
49
70
77
19
55
95
60
84
31
96
76
42
62
37
13
98
89
64
98
21
5
81
76
37
11
1
98
20
53
61
98
58
41
93
5
78
93
5
44
59
83
98
33
97
71
44
88
97
44
46
67
33
52
3
72
89
23
12
37
5
52
90
33
96
4
37
89
48
