49
10
12
34
1
64
73
78
44
26
64
44
67
31
13
87
97
97
90
27
92
35
40
27
24
70
42
56
67
94
89
54
74
83
39
65
62
47
14
54
63
38
26
71
85
55
20
9
80
48
20
5
65
6
18
56
53
37
60
0
74
95
96
24
16
47
80
29
97
63
93
82
64
87
43
28
84
34
5
27
48
3
53
29
73
44
79
28
54
62
7
2
38
70
48
7
20
70
22
15
72
14
74
36
46
9
97
98
51
67
50
81
65
61
20
31
84
7
71
55
14
60
86
41
66
91
13
19
93
13
75
31
89
82
7
66
27
5
18
12
46
66
12
40
56
46
33
95
37
98
42
17
54
11
20
72
39
10
27
11
4
98
58
69
92
95
38
50
51
65
52
89
35
92
40
40
97
15
56
89
81
66
72
97
41
56
15
42
41
60
58
41
12
80
43
44
34
19
81
76
87
80
30
70
60
44
85
57
59
14
1
72
3
37
73
84
76
62
54
84
35
80
38
98
30
36
82
21
39
40
46
66
95
95
60
48
1
6
94
99
3
90
28
85
0
49
25
2
78
93
41
50
22
91
67
14
98
76
43
89
6
18
47
78
54
24
2
64
47
35
53
81
80
12
13
92
7
86
4
11
92
74
28
12
45
23
77
86
79
99
10
50
76
55
59
10
41
38
0
21
99
61
2
73
52
31
14
48
9
37
7
87
7
86
55
79
61
21
22
28
14
26
5
52
0
28
37
58
56
83
70
78
69
13
87
34
0
88
91
42
72
37
84
48
89
19
55
78
11
37
72
53
40
18
19
15
49
19
23
51
85
5
15
8
46
80
86
47
81
42
99
17
68
68
1
29
95
8
79
89
24
94
8
78
34
56
28
96
31
76
22
80
36
15
97
46
10
80
4
58
87
5
55
10
43
62
87
68
95
92
33
92
85
96
38
97
9
31
13
44
31
68
49
16
83
84
32
32
6
5
88
42
13
82
6
46
55
58
81
71
34
4
48
83
34
54
86
0
81
28
84
85
54
6
0
99
36
4
69
50
97
87
35
75
92
69
92
91
53
69
35
76
23
31
84
74
58
88
16
49
29
19
79
1
89
39
83
98
76
61
47
73
69
32
48
98
61
49
82
35
40
50
78
53
12
86
98
58
71
60
77
67
79
3
97
14
19
59
83
47
19
92
34
15
56
23
79
17
89
67
39
41
70
62
85
4
51
4
37
45
67
67
89
73
49
64
35
70
70
65
95
51
53
32
63
45
52
10
24
37
87
55
55
96
17
73
8
63
29
14
45
93
99
20
86
61
36
19
44
92
64
94
64
42
33
34
57
80
30
57
56
98
66
4
83
98
43
26
11
97
70
32
31
8
35
33
50
14
36
68
12
88
67
61
72
21
21
13
36
18
89
2
26
69
5
94
70
62
25
37
3
38
38
33
94
48
99
94
36
88
13
71
48
14
40
51
21
18
11
71
49
5
12
50
30
84
89
66
92
84
34
31
3
86
61
82
62
83
98
68
81
99
38
46
27
6
58
59
51
67
36
36
39
72
66
20
45
81
74
48
21
12
89
40
44
1
74
2
60
3
65
26
64
99
17
0
17
20
87
86
48
26
32
25
10
31
76
69
54
90
84
27
22
6
29
99
1
83
14
6
7
43
81
78
9
72
24
99
46
24
73
76
46
29
70
82
95
41
51
64
57
81
10
12
22
78
48
57
30
56
89
66
47
55
47
41
56
98
72
31
7
6
21
76
56
35
28
70
53
48
84
7
95
17
86
38
10
20
92
33
95
85
75
9
57
7
86
78
50
93
9
78
19
30
87
10
99
35
48
14
8
75
58
78
87
93
42
98
0
8
93
52
41
60
52
19
3
47
41
50
18
38
86
73
95
80
47
44
74
91
79
61
76
66
43
98
1
43
15
40
75
99
5
18
91
38
3
73
88
11
71
68
32
43
61
15
77
56
65
11
25
94
41
16
34
41
25
95
45
26
13
71
36
99
99
70
77
48
81
71
1
43
25
46
73
54
20
85
3
39
52
62
77
0
86
7
25
40
46
68
8
2
43
51
53
97
34
24
12
8
42
36
96
43
39
36
68
13
60
94
5
23
81
79
29
97
5
53
14
20
35
94
21
67
87
74
89
66
55
37
19
76
46
49
88
55
33
35
89
66
13
8
41
90
4
90
61
9
59
62
31
83
3
20
65
77
59
45
0
56
94
73
66
38
21
49
89
8
47
15
21
83
11
15
33
98
65
28
61
88
