77
23
27
21
42
84
94
71
77
43
87
69
77
9
1
93
2
78
24
69
86
75
77
85
41
49
93
57
89
75
17
45
71
93
48
47
98
41
3
88
78
38
53
25
80
96
45
91
48
55
13
29
26
4
24
73
78
24
59
33
98
14
15
63
98
11
70
23
98
79
37
32
70
95
5
74
81
13
57
95
34
36
26
11
96
9
99
56
33
21
24
13
66
52
14
10
25
29
25
37
75
90
36
16
19
35
76
75
30
54
88
83
84
1
52
7
7
72
57
74
50
4
55
14
73
13
88
11
4
51
88
18
25
10
30
71
78
28
74
1
34
13
43
62
10
14
19
54
7
7
36
60
54
57
65
94
96
96
41
85
67
36
44
45
12
3
72
98
79
34
10
99
36
55
53
97
0
26
30
68
75
3
4
77
51
48
38
95
73
99
99
80
30
30
48
71
1
76
41
19
38
99
9
33
10
80
39
82
62
11
29
39
57
16
50
45
98
64
97
33
81
92
11
72
25
63
33
26
82
2
70
24
52
89
98
8
63
28
80
76
52
91
1
9
64
69
54
17
68
51
42
34
25
48
83
66
64
20
3
24
53
93
86
61
67
21
78
74
35
6
45
95
42
79
6
93
72
96
55
4
47
67
46
8
11
43
83
25
11
5
69
53
36
97
71
4
81
35
28
62
98
23
26
20
85
70
8
84
89
91
78
82
73
29
89
71
77
89
95
78
11
77
51
43
25
98
65
59
68
23
29
77
20
28
42
90
83
18
14
56
91
27
78
84
32
4
58
53
26
33
34
43
22
78
43
44
42
47
33
94
26
61
9
5
6
71
98
42
53
57
36
91
51
40
64
9
58
82
82
28
25
97
68
6
21
6
78
75
13
70
63
99
94
48
63
77
22
36
61
38
32
12
31
21
39
6
67
13
34
1
29
84
44
67
58
79
69
10
67
73
89
25
66
0
63
2
64
65
37
17
84
72
34
27
59
17
60
36
48
17
59
58
74
47
82
0
88
32
36
94
88
49
94
77
79
80
75
25
59
26
84
4
82
64
25
98
55
31
87
43
19
36
83
65
1
63
39
59
33
99
80
82
65
27
12
89
61
84
53
10
69
55
93
62
92
60
51
41
63
59
54
16
19
78
69
90
67
51
79
42
58
12
40
49
27
76
95
35
97
51
1
32
85
60
97
55
74
70
10
91
1
10
95
4
45
48
61
53
4
76
98
15
86
25
35
24
14
10
63
17
94
17
7
89
12
66
25
19
79
33
13
5
91
3
44
34
48
44
91
93
83
12
60
16
30
56
71
23
1
87
96
12
17
11
39
31
58
0
40
94
48
82
88
59
65
34
67
33
73
60
99
72
17
50
93
19
93
88
31
82
40
11
78
64
22
91
17
59
70
42
33
87
16
8
11
81
96
48
31
96
55
20
81
68
25
55
57
32
72
26
83
57
25
29
89
57
56
43
41
65
40
81
2
11
4
3
74
87
27
95
95
24
19
71
46
13
68
37
13
5
83
41
11
56
53
1
78
75
56
15
27
57
34
48
2
47
27
48
85
44
16
78
61
21
12
25
48
93
14
51
51
53
37
97
47
38
35
31
87
37
81
14
8
31
17
55
93
12
22
89
68
10
20
2
20
59
43
22
28
83
2
33
28
27
67
86
39
88
81
68
97
4
84
44
30
34
8
90
99
29
84
0
27
55
41
93
36
14
40
63
11
38
16
60
69
52
28
29
83
38
47
39
17
36
8
5
59
71
89
90
8
21
34
81
86
44
87
14
65
65
26
43
31
39
46
55
28
20
37
73
92
12
30
16
89
29
18
22
37
62
52
66
40
15
80
95
13
88
10
46
35
62
10
54
78
82
21
18
59
59
97
30
28
14
66
16
23
19
6
50
94
15
34
75
19
76
89
66
29
57
28
7
70
55
63
81
50
55
80
66
17
68
5
5
0
39
62
34
26
41
83
5
40
26
7
52
61
36
86
46
0
69
76
68
58
69
10
3
69
25
32
86
17
48
12
97
69
68
39
42
1
37
21
31
1
42
54
77
86
67
18
16
11
33
56
38
92
59
34
28
34
54
32
82
49
8
63
67
41
2
52
25
22
49
86
1
84
96
64
74
79
40
58
19
95
41
81
11
22
55
76
61
60
84
2
34
92
18
26
37
10
90
70
45
60
90
91
15
80
45
32
16
54
33
1
55
34
41
2
18
69
55
36
33
13
12
78
35
30
90
92
93
46
43
29
45
51
76
51
35
