42
76
50
53
73
48
39
42
22
41
22
76
35
42
14
5
97
83
4
76
64
98
74
11
89
75
21
59
39
65
92
52
60
71
91
88
53
0
89
60
13
65
38
0
50
57
64
52
29
75
80
40
6
30
7
66
67
22
78
65
29
9
71
16
84
80
72
39
97
46
33
78
36
45
65
27
10
32
89
48
15
73
41
54
65
33
19
32
81
8
41
15
58
41
93
94
86
17
83
1
15
82
99
29
35
72
55
62
64
27
47
21
31
4
59
89
78
77
13
52
31
58
31
77
47
77
39
64
83
28
14
59
9
93
70
64
67
34
96
33
47
14
76
2
34
96
77
41
15
87
48
6
98
58
4
38
86
13
77
46
34
19
58
24
47
5
15
33
67
23
11
91
64
46
73
4
87
9
41
68
35
0
69
87
69
34
20
15
22
61
95
5
79
4
15
26
51
0
22
60
48
15
19
35
65
19
87
39
78
88
93
76
22
70
64
11
15
53
62
48
60
80
82
32
60
58
83
58
68
67
60
41
26
15
21
46
73
50
76
82
72
14
55
27
8
26
75
20
31
4
0
15
31
95
4
46
77
50
39
15
48
59
38
62
97
97
39
64
45
9
50
83
77
15
35
87
32
0
59
20
64
33
77
33
78
55
64
99
19
78
39
4
28
83
92
14
61
89
96
39
64
42
62
22
0
58
89
86
67
47
35
38
47
73
51
22
60
42
57
52
29
35
41
46
88
69
9
59
96
58
60
48
73
64
89
46
15
70
33
14
15
0
91
15
58
57
4
53
96
40
23
22
77
41
94
16
51
52
46
10
42
77
52
64
48
83
15
78
2
91
52
72
65
22
92
9
4
33
29
52
41
34
14
40
73
34
14
95
32
58
64
16
95
83
14
82
11
58
11
22
47
47
50
11
2
32
29
4
4
64
14
64
33
14
62
93
9
0
97
77
5
5
21
9
9
72
67
15
80
46
65
66
47
35
15
0
15
47
64
58
42
6
30
92
22
96
46
55
0
39
24
33
35
76
31
73
1
14
75
58
32
30
6
32
13
15
6
41
67
98
13
4
74
2
74
27
4
89
91
64
60
47
38
77
14
52
16
70
96
73
0
21
35
58
51
45
41
11
97
52
77
55
31
98
31
46
22
59
94
62
64
15
79
35
73
40
84
41
22
15
41
35
15
15
0
71
13
19
75
15
67
70
32
48
22
82
52
2
48
64
22
97
39
42
52
13
76
74
42
52
65
41
34
76
39
34
41
93
77
46
31
29
93
52
75
64
22
58
23
33
62
60
28
46
14
33
39
0
67
94
38
46
34
77
75
88
36
14
41
57
34
47
87
64
31
4
83
82
9
86
35
91
29
22
95
21
80
64
4
78
29
42
47
60
76
4
4
77
5
75
13
65
33
65
65
65
89
99
0
26
32
0
47
82
83
98
75
60
82
54
75
11
31
9
34
1
6
58
15
58
22
64
35
9
81
64
4
13
4
68
31
22
52
41
53
41
51
88
9
39
67
26
8
41
9
59
91
72
8
76
72
59
27
52
17
41
76
98
30
95
72
77
45
42
27
59
64
62
14
98
39
58
40
88
66
82
24
72
61
31
65
83
62
87
41
72
35
76
83
22
73
87
29
15
47
64
58
16
81
95
57
58
83
64
32
77
47
35
41
77
71
91
24
64
61
61
66
35
22
41
0
29
31
77
50
39
0
77
41
41
86
5
22
42
60
64
34
30
42
33
22
35
95
41
72
87
60
65
35
93
9
21
7
30
28
39
71
45
60
67
77
14
87
60
22
46
46
65
80
95
34
79
4
16
93
53
47
64
17
50
65
4
50
5
47
89
39
22
15
16
4
4
89
42
80
26
46
76
5
87
50
96
87
39
76
77
35
76
60
59
26
2
39
15
60
60
42
54
41
86
9
22
87
96
0
64
29
40
83
89
21
10
92
24
13
71
47
16
54
87
15
35
89
10
88
98
9
15
34
73
22
89
80
39
33
34
78
38
80
99
41
76
86
38
84
78
45
67
52
42
98
15
68
98
41
16
73
86
15
64
21
47
64
70
53
34
27
9
0
89
10
50
91
65
89
31
58
26
15
65
53
76
9
7
97
42
47
11
60
13
15
19
33
69
83
6
33
64
8
69
2
34
53
27
80
64
89
9
72
42
87
67
2
17
96
95
89
34
42
65
86
33
61
96
60
21
89
35
5
72
81
95
15
80
46
22
67
30
40
62
15
30
35
46
35
83
82
89
65
91
